Centroids for best cluster obtained are : 
Centroid at index 2 of size 0
13.9895 3.18811 1.55571 17.7471 101.49 1.3291 3.09856 0.417137 0.918965 11.0545 1.3429 1.55306 811.594 
Centroid at index 11 of size 107
13.2661 4.55128 2.44048 12.5186 151.536 1.2915 1.59377 0.472056 0.837696 6.2314 1.08709 3.62161 551.747 
Centroids for worst chromosome are : 
Centroid at index 1 of size 13
13.755 1.95627 1.73345 15.4682 122.441 2.01624 3.50543 0.495664 2.76406 8.44392 0.909282 3.2972 1035.43 
Centroid at index 3 of size 22
11.6537 3.57605 2.73714 20.9837 74.9012 2.46389 3.41082 0.323629 2.69872 8.9567 0.891601 3.28221 567.01 
Centroid at index 4 of size 74
11.0762 3.06587 2.9415 11.5462 127.724 1.85718 2.98238 0.368525 0.929503 3.22217 1.13013 3.49308 707.553 
Centroid at index 6 of size 15
14.3518 3.47257 2.14371 22.2278 87.9632 1.42811 1.00292 0.297703 2.83589 3.28532 1.52215 2.27856 780.729 
Centroid at index 8 of size 6
12.4534 1.55283 1.46522 11.3649 103.296 2.71415 2.2631 0.451017 2.30367 5.05972 1.26364 1.91295 1649.05 
Centroid at index 9 of size 2
13.839 5.57738 1.51998 20.3151 141.301 1.67542 2.3847 0.18983 3.16443 5.13703 1.01314 3.74993 387.105 
Centroid at index 10 of size 13
14.6306 1.56058 2.8596 18.8715 95.9481 1.96681 3.39201 0.3989 3.16283 10.0086 0.912302 2.85833 1146.13 
Centroid at index 11 of size 10
14.3774 2.53996 2.42383 23.8784 116.776 2.17938 0.41352 0.515475 2.67087 3.10944 1.66273 3.10611 755.752 
Centroid at index 12 of size 16
13.3105 0.986166 2.61455 19.0422 153.668 2.62495 1.09127 0.347169 2.70205 7.24755 1.30434 1.95544 1157.35 
Centroid at index 14 of size 7
14.5784 5.56369 2.97632 29.8581 125.373 2.8007 1.6384 0.38728 2.4172 9.98112 1.52915 2.49498 783.886 
