The final clusters obtained are:
Total number of clusters obtained : 4
Elements of cluster : 
1.52101 4.49 71.78 8.75 0 1 1 1 
1.51761 3.6 72.73 7.83 0 1 1 1 
1.51618 3.55 72.99 7.78 0 1 1 1 
1.51766 3.69 72.61 8.22 0 1 1 1 
1.51742 3.62 73.08 8.07 0 1 1 1 
1.51596 3.61 72.97 8.07 0.26 1 1 1 
1.51743 3.6 73.09 8.17 0 1 1 1 
1.51756 3.61 73.24 8.24 0 1 1 1 
1.51918 3.58 72.08 8.3 0 1 1 1 
1.51755 3.6 72.99 8.4 0.11 1 1 1 
1.51571 3.46 73.2 8.09 0.24 1 1 1 
1.51763 3.66 73.01 8.56 0 1 1 1 
1.51589 3.43 73.28 8.05 0.24 1 1 1 
1.51748 3.56 73.21 8.38 0.17 1 1 1 
1.51763 3.59 73.29 8.5 0 1 1 1 
1.51761 3.54 73.24 8.39 0 1 1 1 
1.51784 3.67 73.11 8.7 0 1 1 1 
1.52196 3.85 71.36 9.15 0 1 1 1 
1.51911 3.73 72.12 8.89 0 1 1 1 
1.51735 3.54 72.73 8.44 0.07 1 1 1 
1.5175 3.55 72.75 8.52 0.19 1 1 1 
1.51966 3.75 72.02 9 0 1 1 1 
1.51736 3.62 72.79 8.7 0 1 1 1 
1.51751 3.57 73.02 8.59 0 1 1 1 
1.5172 3.5 72.85 8.43 0 1 1 1 
1.51764 3.54 73 8.53 0 1 1 1 
1.51793 3.48 72.64 8.43 0 1 1 1 
1.51721 3.48 73.04 8.43 0 1 1 1 
1.51768 3.52 73.15 8.54 0 1 1 1 
1.51784 3.49 72.86 8.49 0 1 1 1 
1.51768 3.56 73.08 8.69 0.14 1 1 1 
1.51747 3.5 73.27 8.55 0 1 1 1 
1.51775 3.48 72.97 8.56 0.22 1 1 1 
1.51753 3.47 73.39 8.55 0.06 1 1 1 
1.51783 3.54 72.95 8.75 0 1 1 1 
1.51567 3.45 72.74 8.57 0 1 1 1 
1.51909 3.53 71.81 8.78 0 1 1 1 
1.51797 3.48 72.96 8.68 0 1 1 1 
1.52213 3.82 71.77 9.57 0 1 1 1 
1.52213 3.82 71.77 9.57 0 1 1 1 
1.51793 3.5 73.03 8.77 0 1 1 1 
1.51755 3.42 73.2 8.64 0 1 1 1 
1.51779 3.39 72.76 8.59 0 1 1 1 
1.5221 3.84 71.76 9.74 0 1 1 1 
1.51786 3.43 72.95 8.76 0.3 1 1 1 
1.519 3.48 71.95 9 0 1 1 1 
1.51869 3.37 72.72 8.83 0.16 1 1 1 
1.52667 3.7 71.57 9.82 0.1 1 1 1 
1.52223 3.77 71.99 10.02 0 1 1 1 
1.51898 3.35 72.08 8.91 0 1 1 1 
1.5232 3.72 71.75 10.06 0.16 1 1 1 
1.51926 3.33 72.36 9.14 0.11 1 1 1 
1.51808 2.87 72.84 9.03 0 1 1 1 
1.51837 2.84 72.85 9.07 0 1 1 1 
1.51778 2.81 72.98 9.02 0.09 1 1 1 
1.51769 2.71 73.7 9.06 0.24 1 1 1 
1.51215 3.47 72.98 8.35 0.31 1 1 1 
1.51824 3.48 72.95 8.43 0 1 1 1 
1.51754 3.74 72.99 8.03 0 1 1 1 
1.51754 3.66 72.79 8.27 0.11 1 1 1 
1.51905 3.62 72.64 8.76 0 1 1 1 
1.51977 3.58 71.72 8.67 0 1 1 1 
1.52172 3.86 71.79 9.54 0.11 1 1 1 
1.52227 3.81 71.35 9.69 0 1 1 1 
1.52172 3.74 72.01 9.61 0.07 1 1 1 
1.52099 3.59 71.96 9.4 0 1 1 1 
1.52152 3.65 72.22 9.85 0.17 1 1 1 
1.52152 3.65 72.32 9.85 0.17 1 1 1 
1.52152 3.58 72.2 9.82 0.16 1 1 1 
1.523 3.58 71.99 10.17 0.03 1 1 1 
1.51848 3.87 71.96 8.32 0.32 2 2 2 
1.51593 3.59 73.1 7.83 0 2 2 2 
1.51631 3.57 72.87 7.89 0 2 2 2 
1.51596 3.56 73.11 7.9 0 2 2 2 
1.5159 3.58 73.12 7.96 0 2 2 2 
1.51645 3.61 72.39 8.03 0 2 2 2 
1.51627 3.58 72.83 8.04 0 2 2 2 
1.51613 3.52 72.88 7.94 0.14 2 2 2 
1.5159 3.52 72.86 7.97 0 2 2 2 
1.51592 3.52 72.66 7.97 0 2 2 2 
1.51593 3.45 73.17 7.86 0 2 2 2 
1.51646 3.55 72.81 8.1 0 2 2 2 
1.51594 3.52 72.87 8.05 0.09 2 2 2 
1.51625 3.58 72.72 8.21 0 2 2 2 
1.51569 3.49 73.25 8.03 0 2 2 2 
1.51645 3.49 72.65 8.08 0.1 2 2 2 
1.51618 3.5 72.89 8.12 0 2 2 2 
1.5164 3.48 73.23 8.08 0.09 2 2 2 
1.51841 3.74 72.28 8.96 0.22 2 2 2 
1.51605 3.44 73.06 8.27 0 2 2 2 
1.51588 3.41 73.26 8.39 0.19 2 2 2 
1.5159 3.34 73.1 8.22 0 2 2 2 
1.51629 3.33 73.28 8.24 0 2 2 2 
1.5186 3.43 72.26 8.6 0 2 2 2 
1.51841 3.62 72.34 9.13 0.15 2 2 2 
1.51743 3.25 73.55 8.9 0.24 2 2 2 
1.51689 2.88 73.21 8.54 0 2 2 2 
1.51811 2.96 72.92 8.79 0 2 2 2 
1.51655 2.85 73.27 8.79 0.22 2 2 2 
1.5173 2.72 72.87 9.23 0 2 2 2 
1.51818 0 74.45 10.99 0 2 2 2 
1.51892 3.83 72.55 8.21 0.14 2 2 2 
1.51847 3.97 72.44 8.43 0 2 2 2 
1.51846 3.89 72.38 8.28 0 2 2 2 
1.51829 3.9 72.33 8.31 0.1 2 2 2 
1.51708 3.68 72.06 7.88 0 2 2 2 
1.51673 3.64 72.53 8.03 0.29 2 2 2 
1.51652 3.57 72.45 7.96 0 2 2 2 
1.51844 3.76 72.4 8.42 0 2 2 2 
1.51663 3.54 72.96 8.03 0.21 2 2 2 
1.51687 3.54 72.84 8.1 0 2 2 2 
1.51707 3.48 72.52 7.99 0 2 2 2 
1.52177 3.68 72.75 8.52 0 2 2 2 
1.51872 3.66 72.51 8.55 0.12 2 2 2 
1.51667 3.61 72.75 8.6 0 2 2 2 
1.51813 3.98 72.49 8.15 0 2 2 2 
1.518 3.93 71.81 8.21 0.15 2 2 2 
1.51811 3.85 72.78 8.12 0 2 2 2 
1.51789 3.9 72.33 8.44 0.28 2 2 2 
1.51806 3.8 73.07 8.38 0.12 2 2 2 
1.51711 3.62 72.96 8.11 0 2 2 2 
1.51674 3.52 73.36 7.9 0 2 2 2 
1.51674 3.56 73.14 7.99 0 2 2 2 
1.5169 3.54 72.54 8.11 0 2 2 2 
1.51851 3.63 72.83 8.41 0.17 2 2 2 
1.51662 3.51 73.01 8.23 0.25 2 2 2 
1.51709 3.47 72.72 8.18 0 2 2 2 
1.5166 3.18 72.97 8.81 0.24 2 2 2 
1.51839 3.67 72.57 8.68 0.35 2 2 2 
1.51769 3.66 72.77 8.6 0 3 3 3 
1.51643 3.52 72.89 8.53 0 3 3 3 
1.51779 3.65 73 8.93 0 3 3 3 
1.51646 3.4 73.01 8.58 0 3 3 3 
1.51316 0 70.48 6.96 0 5 5 5 
1.51321 0 70.7 6.93 0 5 5 5 
1.51299 1.74 74.55 7.59 0 6 6 6 
1.51888 0.78 72.5 9.95 0 6 6 6 
1.51115 0 75.41 6.65 0 6 6 6 
1.51131 3.2 72.81 5.43 0 7 7 7 
1.51838 3.26 71.25 5.79 0 7 7 7 
1.52315 3.34 72.38 8.83 0 7 7 7 
1.52247 2.2 70.26 9.76 0 7 7 7 
1.52365 1.83 70.43 8.61 0 7 7 7 
1.51613 1.78 73.1 8.67 0 7 7 7 
1.51602 0 73.28 8.76 0.09 7 7 7 
1.51623 0 73.46 9.04 0.09 7 7 7 
1.51719 0 73.02 8.53 0.08 7 7 7 
1.51683 0 73.29 8.52 0.07 7 7 7 
1.51545 0 73.39 9.07 0.05 7 7 7 
1.51556 0 73.23 9.41 0.01 7 7 7 
1.51727 0 73.28 8.95 0 7 7 7 
1.51531 0 73.1 9.08 0 7 7 7 
1.51609 0 73.05 8.83 0 7 7 7 
1.51508 0 73.5 8.34 0 7 7 7 
1.51653 0 75.18 8.93 0 7 7 7 
1.51514 0 73.72 8.39 0 7 7 7 
1.51658 0 73.11 8.28 0 7 7 7 
1.51617 0 73.3 8.71 0 7 7 7 
1.51732 0 72.99 8.61 0 7 7 7 
1.51645 0 73.11 8.67 0 7 7 7 
1.51831 0 72.86 6.47 0 7 7 7 
1.5164 0 72.85 9.45 0 7 7 7 
1.51623 0 72.61 9.18 0 7 7 7 
1.51685 0 73.06 8.4 0 7 7 7 
1.52065 0 73.42 8.44 0 7 7 7 
1.51651 0 73.61 8.48 0 7 7 7 
Elements of cluster : 
1.52081 2.28 71.99 9.85 0.17 2 2 2 
1.52068 2.09 72.18 9.57 0.17 2 2 2 
Elements of cluster : 
1.52151 1.71 73.44 11.62 0 5 5 5 
1.52171 1.88 72.86 11.41 0 5 5 5 
1.52043 0 72.25 12.5 0 5 5 5 
1.52369 0 72.22 12.24 0 5 5 5 
1.52119 0.33 73.39 11.27 0.28 5 5 5 
1.51994 0 73.03 11.32 0 5 5 5 
1.51969 0 73.75 11.53 0 5 5 5 
1.51915 1.85 72.69 10.09 0 5 5 5 
1.52475 0 72.19 13.24 0.34 2 2 2 
1.52777 0 72.02 14.4 0 2 2 2 
Elements of cluster : 
